Session History: FOXTEL IQ2 HD
1,1:26:10.0,RCMM,VOLUME UP,21A02610,,32,17/11/2015,1;0;1000;0|2;1000;432;1|3;1432;270;0|4;1702;162;1|5;1864;270;0|6;2134;162;1|7;2296;594;0|8;2890;162;1|9;3052;270;0|10;3322;162;1|11;3484;432;0|12;3916;162;1|13;4078;594;0|14;4672;162;1|15;4834;594;0|16;5428;162;1|17;5590;270;0|18;5860;162;1|19;6022;270;0|20;6292;162;1|21;6454;270;0|22;6724;162;1|23;6886;594;0|24;7480;162;1|25;7642;432;0|26;8074;162;1|27;8236;594;0|28;8830;162;1|29;8992;270;0|30;9262;162;1|31;9424;432;0|32;9856;162;1|33;10018;270;0|34;10288;162;1|35;10450;270;0|36;10720;162;1|37;10882;87723;0|, ,37000
1,1:26:09.3,RCMM,VOLUME DOWN,21A02611,,32,17/11/2015,1;0;1000;0|2;1000;432;1|3;1432;270;0|4;1702;162;1|5;1864;270;0|6;2134;162;1|7;2296;594;0|8;2890;162;1|9;3052;270;0|10;3322;162;1|11;3484;432;0|12;3916;162;1|13;4078;594;0|14;4672;162;1|15;4834;594;0|16;5428;162;1|17;5590;270;0|18;5860;162;1|19;6022;270;0|20;6292;162;1|21;6454;270;0|22;6724;162;1|23;6886;594;0|24;7480;162;1|25;7642;432;0|26;8074;162;1|27;8236;594;0|28;8830;162;1|29;8992;270;0|30;9262;162;1|31;9424;432;0|32;9856;162;1|33;10018;270;0|34;10288;162;1|35;10450;432;0|36;10882;162;1|37;11044;87561;0|, ,37000
1,1:26:08.8,RCMM,VIDEO ON DEMAND,21A026D5,,32,17/11/2015,1;0;1000;0|2;1000;432;1|3;1432;270;0|4;1702;162;1|5;1864;270;0|6;2134;162;1|7;2296;594;0|8;2890;162;1|9;3052;270;0|10;3322;162;1|11;3484;432;0|12;3916;162;1|13;4078;594;0|14;4672;162;1|15;4834;594;0|16;5428;162;1|17;5590;270;0|18;5860;162;1|19;6022;270;0|20;6292;162;1|21;6454;270;0|22;6724;162;1|23;6886;594;0|24;7480;162;1|25;7642;432;0|26;8074;162;1|27;8236;594;0|28;8830;162;1|29;8992;756;0|30;9748;162;1|31;9910;432;0|32;10342;162;1|33;10504;432;0|34;10936;162;1|35;11098;432;0|36;11530;162;1|37;11692;86886;0|, ,37000
1,1:26:08.3,RCMM,Stop,21A02631,,32,17/11/2015,1;0;1000;0|2;1000;432;1|3;1432;270;0|4;1702;162;1|5;1864;270;0|6;2134;162;1|7;2296;594;0|8;2890;162;1|9;3052;270;0|10;3322;162;1|11;3484;432;0|12;3916;162;1|13;4078;594;0|14;4672;162;1|15;4834;594;0|16;5428;162;1|17;5590;270;0|18;5860;162;1|19;6022;270;0|20;6292;162;1|21;6454;270;0|22;6724;162;1|23;6886;594;0|24;7480;162;1|25;7642;432;0|26;8074;162;1|27;8236;594;0|28;8830;162;1|29;8992;270;0|30;9262;162;1|31;9424;756;0|32;10180;162;1|33;10342;270;0|34;10612;162;1|35;10774;432;0|36;11206;162;1|37;11368;87210;0|, ,37000
1,1:26:07.8,RCMM,REVERSE,21A02629,,32,17/11/2015,1;0;1000;0|2;1000;432;1|3;1432;270;0|4;1702;162;1|5;1864;270;0|6;2134;162;1|7;2296;594;0|8;2890;162;1|9;3052;270;0|10;3322;162;1|11;3484;432;0|12;3916;162;1|13;4078;594;0|14;4672;162;1|15;4834;594;0|16;5428;162;1|17;5590;270;0|18;5860;162;1|19;6022;270;0|20;6292;162;1|21;6454;270;0|22;6724;162;1|23;6886;594;0|24;7480;162;1|25;7642;432;0|26;8074;162;1|27;8236;594;0|28;8830;162;1|29;8992;270;0|30;9262;162;1|31;9424;594;0|32;10018;162;1|33;10180;594;0|34;10774;162;1|35;10936;432;0|36;11368;162;1|37;11530;87048;0|, ,37000
1,1:26:07.2,RCMM,Record,21A02637,,32,17/11/2015,1;0;1000;0|2;1000;432;1|3;1432;270;0|4;1702;162;1|5;1864;270;0|6;2134;162;1|7;2296;594;0|8;2890;162;1|9;3052;270;0|10;3322;162;1|11;3484;432;0|12;3916;162;1|13;4078;594;0|14;4672;162;1|15;4834;594;0|16;5428;162;1|17;5590;270;0|18;5860;162;1|19;6022;270;0|20;6292;162;1|21;6454;270;0|22;6724;162;1|23;6886;594;0|24;7480;162;1|25;7642;432;0|26;8074;162;1|27;8236;594;0|28;8830;162;1|29;8992;270;0|30;9262;162;1|31;9424;756;0|32;10180;162;1|33;10342;432;0|34;10774;162;1|35;10936;756;0|36;11692;162;1|37;11854;86724;0|, ,37000
1,1:26:06.6,RCMM,PREVIOUS CHANNEL,21A02683,,32,17/11/2015,1;0;1000;0|2;1000;432;1|3;1432;270;0|4;1702;162;1|5;1864;270;0|6;2134;162;1|7;2296;594;0|8;2890;162;1|9;3052;270;0|10;3322;162;1|11;3484;432;0|12;3916;162;1|13;4078;594;0|14;4672;162;1|15;4834;594;0|16;5428;162;1|17;5590;270;0|18;5860;162;1|19;6022;270;0|20;6292;162;1|21;6454;270;0|22;6724;162;1|23;6886;594;0|24;7480;162;1|25;7642;432;0|26;8074;162;1|27;8236;594;0|28;8830;162;1|29;8992;594;0|30;9586;162;1|31;9748;270;0|32;10018;162;1|33;10180;270;0|34;10450;162;1|35;10612;756;0|36;11368;162;1|37;11530;87048;0|, ,37000
1,1:26:06.1,RCMM,POWER TOGGLE,21A0260C,,32,17/11/2015,1;0;1000;0|2;1000;432;1|3;1432;270;0|4;1702;162;1|5;1864;270;0|6;2134;162;1|7;2296;594;0|8;2890;162;1|9;3052;270;0|10;3322;162;1|11;3484;432;0|12;3916;162;1|13;4078;594;0|14;4672;162;1|15;4834;594;0|16;5428;162;1|17;5590;270;0|18;5860;162;1|19;6022;270;0|20;6292;162;1|21;6454;270;0|22;6724;162;1|23;6886;594;0|24;7480;162;1|25;7642;432;0|26;8074;162;1|27;8236;594;0|28;8830;162;1|29;8992;270;0|30;9262;162;1|31;9424;270;0|32;9694;162;1|33;9856;756;0|34;10612;162;1|35;10774;270;0|36;11044;162;1|37;11206;87399;0|, ,37000
1,1:26:05.6,RCMM,Play,21A0262C,,32,17/11/2015,1;0;1000;0|2;1000;432;1|3;1432;270;0|4;1702;162;1|5;1864;270;0|6;2134;162;1|7;2296;594;0|8;2890;162;1|9;3052;270;0|10;3322;162;1|11;3484;432;0|12;3916;162;1|13;4078;594;0|14;4672;162;1|15;4834;594;0|16;5428;162;1|17;5590;270;0|18;5860;162;1|19;6022;270;0|20;6292;162;1|21;6454;270;0|22;6724;162;1|23;6886;594;0|24;7480;162;1|25;7642;432;0|26;8074;162;1|27;8236;594;0|28;8830;162;1|29;8992;270;0|30;9262;162;1|31;9424;594;0|32;10018;162;1|33;10180;756;0|34;10936;162;1|35;11098;270;0|36;11368;162;1|37;11530;87048;0|, ,37000
1,1:26:05.1,RCMM,PLANNER,21A026F4,,32,17/11/2015,1;0;1000;0|2;1000;432;1|3;1432;270;0|4;1702;162;1|5;1864;270;0|6;2134;162;1|7;2296;594;0|8;2890;162;1|9;3052;270;0|10;3322;162;1|11;3484;432;0|12;3916;162;1|13;4078;594;0|14;4672;162;1|15;4834;594;0|16;5428;162;1|17;5590;270;0|18;5860;162;1|19;6022;270;0|20;6292;162;1|21;6454;270;0|22;6724;162;1|23;6886;594;0|24;7480;162;1|25;7642;432;0|26;8074;162;1|27;8236;594;0|28;8830;162;1|29;8992;756;0|30;9748;162;1|31;9910;756;0|32;10666;162;1|33;10828;432;0|34;11260;162;1|35;11422;270;0|36;11692;162;1|37;11854;86724;0|, ,37000
1,1:26:04.6,RCMM,Pause,21A02630,,32,17/11/2015,1;0;1000;0|2;1000;432;1|3;1432;270;0|4;1702;162;1|5;1864;270;0|6;2134;162;1|7;2296;594;0|8;2890;162;1|9;3052;270;0|10;3322;162;1|11;3484;432;0|12;3916;162;1|13;4078;594;0|14;4672;162;1|15;4834;594;0|16;5428;162;1|17;5590;270;0|18;5860;162;1|19;6022;270;0|20;6292;162;1|21;6454;270;0|22;6724;162;1|23;6886;594;0|24;7480;162;1|25;7642;432;0|26;8074;162;1|27;8236;594;0|28;8830;162;1|29;8992;270;0|30;9262;162;1|31;9424;756;0|32;10180;162;1|33;10342;270;0|34;10612;162;1|35;10774;270;0|36;11044;162;1|37;11206;87399;0|, ,37000
1,1:26:04.1,RCMM,MENU SETUP,21A02654,,32,17/11/2015,1;0;1000;0|2;1000;432;1|3;1432;270;0|4;1702;162;1|5;1864;270;0|6;2134;162;1|7;2296;594;0|8;2890;162;1|9;3052;270;0|10;3322;162;1|11;3484;432;0|12;3916;162;1|13;4078;594;0|14;4672;162;1|15;4834;594;0|16;5428;162;1|17;5590;270;0|18;5860;162;1|19;6022;270;0|20;6292;162;1|21;6454;270;0|22;6724;162;1|23;6886;594;0|24;7480;162;1|25;7642;432;0|26;8074;162;1|27;8236;594;0|28;8830;162;1|29;8992;432;0|30;9424;162;1|31;9586;432;0|32;10018;162;1|33;10180;432;0|34;10612;162;1|35;10774;270;0|36;11044;162;1|37;11206;87399;0|, ,37000
1,1:26:03.6,RCMM,MENU MAIN,21A0268E,,32,17/11/2015,1;0;1000;0|2;1000;432;1|3;1432;270;0|4;1702;162;1|5;1864;270;0|6;2134;162;1|7;2296;594;0|8;2890;162;1|9;3052;270;0|10;3322;162;1|11;3484;432;0|12;3916;162;1|13;4078;594;0|14;4672;162;1|15;4834;594;0|16;5428;162;1|17;5590;270;0|18;5860;162;1|19;6022;270;0|20;6292;162;1|21;6454;270;0|22;6724;162;1|23;6886;594;0|24;7480;162;1|25;7642;432;0|26;8074;162;1|27;8236;594;0|28;8830;162;1|29;8992;594;0|30;9586;162;1|31;9748;270;0|32;10018;162;1|33;10180;756;0|34;10936;162;1|35;11098;594;0|36;11692;162;1|37;11854;86724;0|, ,37000
1,1:26:03.1,RCMM,Info,21A0260F,,32,17/11/2015,1;0;1000;0|2;1000;432;1|3;1432;270;0|4;1702;162;1|5;1864;270;0|6;2134;162;1|7;2296;594;0|8;2890;162;1|9;3052;270;0|10;3322;162;1|11;3484;432;0|12;3916;162;1|13;4078;594;0|14;4672;162;1|15;4834;594;0|16;5428;162;1|17;5590;270;0|18;5860;162;1|19;6022;270;0|20;6292;162;1|21;6454;270;0|22;6724;162;1|23;6886;594;0|24;7480;162;1|25;7642;432;0|26;8074;162;1|27;8236;594;0|28;8830;162;1|29;8992;270;0|30;9262;162;1|31;9424;270;0|32;9694;162;1|33;9856;756;0|34;10612;162;1|35;10774;756;0|36;11530;162;1|37;11692;86886;0|, ,37000
1,1:26:02.7,RCMM,HELP,21A02681,,32,17/11/2015,1;0;1000;0|2;1000;432;1|3;1432;270;0|4;1702;162;1|5;1864;270;0|6;2134;162;1|7;2296;594;0|8;2890;162;1|9;3052;270;0|10;3322;162;1|11;3484;432;0|12;3916;162;1|13;4078;594;0|14;4672;162;1|15;4834;594;0|16;5428;162;1|17;5590;270;0|18;5860;162;1|19;6022;270;0|20;6292;162;1|21;6454;270;0|22;6724;162;1|23;6886;594;0|24;7480;162;1|25;7642;432;0|26;8074;162;1|27;8236;594;0|28;8830;162;1|29;8992;594;0|30;9586;162;1|31;9748;270;0|32;10018;162;1|33;10180;270;0|34;10450;162;1|35;10612;432;0|36;11044;162;1|37;11206;87399;0|, ,37000
1,1:26:02.1,RCMM,Guide,21A026CC,,32,17/11/2015,1;0;1000;0|2;1000;432;1|3;1432;270;0|4;1702;162;1|5;1864;270;0|6;2134;162;1|7;2296;594;0|8;2890;162;1|9;3052;270;0|10;3322;162;1|11;3484;432;0|12;3916;162;1|13;4078;594;0|14;4672;162;1|15;4834;594;0|16;5428;162;1|17;5590;270;0|18;5860;162;1|19;6022;270;0|20;6292;162;1|21;6454;270;0|22;6724;162;1|23;6886;594;0|24;7480;162;1|25;7642;432;0|26;8074;162;1|27;8236;594;0|28;8830;162;1|29;8992;756;0|30;9748;162;1|31;9910;270;0|32;10180;162;1|33;10342;756;0|34;11098;162;1|35;11260;270;0|36;11530;162;1|37;11692;86886;0|, ,37000
1,1:26:01.6,RCMM,FUNCTION YELLOW,21A0266F,,32,17/11/2015,1;0;1000;0|2;1000;432;1|3;1432;270;0|4;1702;162;1|5;1864;270;0|6;2134;162;1|7;2296;594;0|8;2890;162;1|9;3052;270;0|10;3322;162;1|11;3484;432;0|12;3916;162;1|13;4078;594;0|14;4672;162;1|15;4834;594;0|16;5428;162;1|17;5590;270;0|18;5860;162;1|19;6022;270;0|20;6292;162;1|21;6454;270;0|22;6724;162;1|23;6886;594;0|24;7480;162;1|25;7642;432;0|26;8074;162;1|27;8236;594;0|28;8830;162;1|29;8992;432;0|30;9424;162;1|31;9586;594;0|32;10180;162;1|33;10342;756;0|34;11098;162;1|35;11260;756;0|36;12016;162;1|37;12178;86400;0|, ,37000
1,1:26:01.1,RCMM,FUNCTION RED,21A0266D,,32,17/11/2015,1;0;1000;0|2;1000;432;1|3;1432;270;0|4;1702;162;1|5;1864;270;0|6;2134;162;1|7;2296;594;0|8;2890;162;1|9;3052;270;0|10;3322;162;1|11;3484;432;0|12;3916;162;1|13;4078;594;0|14;4672;162;1|15;4834;594;0|16;5428;162;1|17;5590;270;0|18;5860;162;1|19;6022;270;0|20;6292;162;1|21;6454;270;0|22;6724;162;1|23;6886;594;0|24;7480;162;1|25;7642;432;0|26;8074;162;1|27;8236;594;0|28;8830;162;1|29;8992;432;0|30;9424;162;1|31;9586;594;0|32;10180;162;1|33;10342;756;0|34;11098;162;1|35;11260;432;0|36;11692;162;1|37;11854;86724;0|, ,37000
1,1:26:00.6,RCMM,FUNCTION GREEN,21A0266E,,32,17/11/2015,1;0;1000;0|2;1000;432;1|3;1432;270;0|4;1702;162;1|5;1864;270;0|6;2134;162;1|7;2296;594;0|8;2890;162;1|9;3052;270;0|10;3322;162;1|11;3484;432;0|12;3916;162;1|13;4078;594;0|14;4672;162;1|15;4834;594;0|16;5428;162;1|17;5590;270;0|18;5860;162;1|19;6022;270;0|20;6292;162;1|21;6454;270;0|22;6724;162;1|23;6886;594;0|24;7480;162;1|25;7642;432;0|26;8074;162;1|27;8236;594;0|28;8830;162;1|29;8992;432;0|30;9424;162;1|31;9586;594;0|32;10180;162;1|33;10342;756;0|34;11098;162;1|35;11260;594;0|36;11854;162;1|37;12016;86562;0|, ,37000
1,1:26:00.1,RCMM,FUNCTION BLUE,21A02670,,32,17/11/2015,1;0;1000;0|2;1000;432;1|3;1432;270;0|4;1702;162;1|5;1864;270;0|6;2134;162;1|7;2296;594;0|8;2890;162;1|9;3052;270;0|10;3322;162;1|11;3484;432;0|12;3916;162;1|13;4078;594;0|14;4672;162;1|15;4834;594;0|16;5428;162;1|17;5590;270;0|18;5860;162;1|19;6022;270;0|20;6292;162;1|21;6454;270;0|22;6724;162;1|23;6886;594;0|24;7480;162;1|25;7642;432;0|26;8074;162;1|27;8236;594;0|28;8830;162;1|29;8992;432;0|30;9424;162;1|31;9586;756;0|32;10342;162;1|33;10504;270;0|34;10774;162;1|35;10936;270;0|36;11206;162;1|37;11368;87210;0|, ,37000
1,1:25:59.7,RCMM,FORWARD,21A02628,,32,17/11/2015,1;0;1000;0|2;1000;432;1|3;1432;270;0|4;1702;162;1|5;1864;270;0|6;2134;162;1|7;2296;594;0|8;2890;162;1|9;3052;270;0|10;3322;162;1|11;3484;432;0|12;3916;162;1|13;4078;594;0|14;4672;162;1|15;4834;594;0|16;5428;162;1|17;5590;270;0|18;5860;162;1|19;6022;270;0|20;6292;162;1|21;6454;270;0|22;6724;162;1|23;6886;594;0|24;7480;162;1|25;7642;432;0|26;8074;162;1|27;8236;594;0|28;8830;162;1|29;8992;270;0|30;9262;162;1|31;9424;594;0|32;10018;162;1|33;10180;594;0|34;10774;162;1|35;10936;270;0|36;11206;162;1|37;11368;87210;0|, ,37000
1,1:25:59.2,RCMM,DIGIT 9,21A02609,,32,17/11/2015,1;0;1000;0|2;1000;432;1|3;1432;270;0|4;1702;162;1|5;1864;270;0|6;2134;162;1|7;2296;594;0|8;2890;162;1|9;3052;270;0|10;3322;162;1|11;3484;432;0|12;3916;162;1|13;4078;594;0|14;4672;162;1|15;4834;594;0|16;5428;162;1|17;5590;270;0|18;5860;162;1|19;6022;270;0|20;6292;162;1|21;6454;270;0|22;6724;162;1|23;6886;594;0|24;7480;162;1|25;7642;432;0|26;8074;162;1|27;8236;594;0|28;8830;162;1|29;8992;270;0|30;9262;162;1|31;9424;270;0|32;9694;162;1|33;9856;594;0|34;10450;162;1|35;10612;432;0|36;11044;162;1|37;11206;87399;0|, ,37000
1,1:25:58.8,RCMM,DIGIT 8,21A02608,,32,17/11/2015,1;0;1000;0|2;1000;432;1|3;1432;270;0|4;1702;162;1|5;1864;270;0|6;2134;162;1|7;2296;594;0|8;2890;162;1|9;3052;270;0|10;3322;162;1|11;3484;432;0|12;3916;162;1|13;4078;594;0|14;4672;162;1|15;4834;594;0|16;5428;162;1|17;5590;270;0|18;5860;162;1|19;6022;270;0|20;6292;162;1|21;6454;270;0|22;6724;162;1|23;6886;594;0|24;7480;162;1|25;7642;432;0|26;8074;162;1|27;8236;594;0|28;8830;162;1|29;8992;270;0|30;9262;162;1|31;9424;270;0|32;9694;162;1|33;9856;594;0|34;10450;162;1|35;10612;270;0|36;10882;162;1|37;11044;87561;0|, ,37000
1,1:25:58.3,RCMM,DIGIT 7,21A02607,,32,17/11/2015,1;0;1000;0|2;1000;432;1|3;1432;270;0|4;1702;162;1|5;1864;270;0|6;2134;162;1|7;2296;594;0|8;2890;162;1|9;3052;270;0|10;3322;162;1|11;3484;432;0|12;3916;162;1|13;4078;594;0|14;4672;162;1|15;4834;594;0|16;5428;162;1|17;5590;270;0|18;5860;162;1|19;6022;270;0|20;6292;162;1|21;6454;270;0|22;6724;162;1|23;6886;594;0|24;7480;162;1|25;7642;432;0|26;8074;162;1|27;8236;594;0|28;8830;162;1|29;8992;270;0|30;9262;162;1|31;9424;270;0|32;9694;162;1|33;9856;432;0|34;10288;162;1|35;10450;756;0|36;11206;162;1|37;11368;87210;0|, ,37000
1,1:25:57.9,RCMM,DIGIT 6,21A02606,,32,17/11/2015,1;0;1000;0|2;1000;432;1|3;1432;270;0|4;1702;162;1|5;1864;270;0|6;2134;162;1|7;2296;594;0|8;2890;162;1|9;3052;270;0|10;3322;162;1|11;3484;432;0|12;3916;162;1|13;4078;594;0|14;4672;162;1|15;4834;594;0|16;5428;162;1|17;5590;270;0|18;5860;162;1|19;6022;270;0|20;6292;162;1|21;6454;270;0|22;6724;162;1|23;6886;594;0|24;7480;162;1|25;7642;432;0|26;8074;162;1|27;8236;594;0|28;8830;162;1|29;8992;270;0|30;9262;162;1|31;9424;270;0|32;9694;162;1|33;9856;432;0|34;10288;162;1|35;10450;594;0|36;11044;162;1|37;11206;87372;0|, ,37000
1,1:25:57.5,RCMM,DIGIT 5,21A02605,,32,17/11/2015,1;0;1000;0|2;1000;432;1|3;1432;270;0|4;1702;162;1|5;1864;270;0|6;2134;162;1|7;2296;594;0|8;2890;162;1|9;3052;270;0|10;3322;162;1|11;3484;432;0|12;3916;162;1|13;4078;594;0|14;4672;162;1|15;4834;594;0|16;5428;162;1|17;5590;270;0|18;5860;162;1|19;6022;270;0|20;6292;162;1|21;6454;270;0|22;6724;162;1|23;6886;594;0|24;7480;162;1|25;7642;432;0|26;8074;162;1|27;8236;594;0|28;8830;162;1|29;8992;270;0|30;9262;162;1|31;9424;270;0|32;9694;162;1|33;9856;432;0|34;10288;162;1|35;10450;432;0|36;10882;162;1|37;11044;87561;0|, ,37000
1,1:25:56.9,RCMM,DIGIT 4,21A02604,,32,17/11/2015,1;0;1000;0|2;1000;432;1|3;1432;270;0|4;1702;162;1|5;1864;270;0|6;2134;162;1|7;2296;594;0|8;2890;162;1|9;3052;270;0|10;3322;162;1|11;3484;432;0|12;3916;162;1|13;4078;594;0|14;4672;162;1|15;4834;594;0|16;5428;162;1|17;5590;270;0|18;5860;162;1|19;6022;270;0|20;6292;162;1|21;6454;270;0|22;6724;162;1|23;6886;594;0|24;7480;162;1|25;7642;432;0|26;8074;162;1|27;8236;594;0|28;8830;162;1|29;8992;270;0|30;9262;162;1|31;9424;270;0|32;9694;162;1|33;9856;432;0|34;10288;162;1|35;10450;270;0|36;10720;162;1|37;10882;87723;0|, ,37000
1,1:25:56.5,RCMM,DIGIT 3,21A02603,,32,17/11/2015,1;0;1000;0|2;1000;432;1|3;1432;270;0|4;1702;162;1|5;1864;270;0|6;2134;162;1|7;2296;594;0|8;2890;162;1|9;3052;270;0|10;3322;162;1|11;3484;432;0|12;3916;162;1|13;4078;594;0|14;4672;162;1|15;4834;594;0|16;5428;162;1|17;5590;270;0|18;5860;162;1|19;6022;270;0|20;6292;162;1|21;6454;270;0|22;6724;162;1|23;6886;594;0|24;7480;162;1|25;7642;432;0|26;8074;162;1|27;8236;594;0|28;8830;162;1|29;8992;270;0|30;9262;162;1|31;9424;270;0|32;9694;162;1|33;9856;270;0|34;10126;162;1|35;10288;756;0|36;11044;162;1|37;11206;87372;0|, ,37000
1,1:25:56.1,RCMM,DIGIT 2,21A02602,,32,17/11/2015,1;0;1000;0|2;1000;432;1|3;1432;270;0|4;1702;162;1|5;1864;270;0|6;2134;162;1|7;2296;594;0|8;2890;162;1|9;3052;270;0|10;3322;162;1|11;3484;432;0|12;3916;162;1|13;4078;594;0|14;4672;162;1|15;4834;594;0|16;5428;162;1|17;5590;270;0|18;5860;162;1|19;6022;270;0|20;6292;162;1|21;6454;270;0|22;6724;162;1|23;6886;594;0|24;7480;162;1|25;7642;432;0|26;8074;162;1|27;8236;594;0|28;8830;162;1|29;8992;270;0|30;9262;162;1|31;9424;270;0|32;9694;162;1|33;9856;270;0|34;10126;162;1|35;10288;594;0|36;10882;162;1|37;11044;87561;0|, ,37000
1,1:25:55.6,RCMM,DIGIT 1,21A02601,,32,17/11/2015,1;0;1000;0|2;1000;432;1|3;1432;270;0|4;1702;162;1|5;1864;270;0|6;2134;162;1|7;2296;594;0|8;2890;162;1|9;3052;270;0|10;3322;162;1|11;3484;432;0|12;3916;162;1|13;4078;594;0|14;4672;162;1|15;4834;594;0|16;5428;162;1|17;5590;270;0|18;5860;162;1|19;6022;270;0|20;6292;162;1|21;6454;270;0|22;6724;162;1|23;6886;594;0|24;7480;162;1|25;7642;432;0|26;8074;162;1|27;8236;594;0|28;8830;162;1|29;8992;270;0|30;9262;162;1|31;9424;270;0|32;9694;162;1|33;9856;270;0|34;10126;162;1|35;10288;432;0|36;10720;162;1|37;10882;87723;0|, ,37000
1,1:25:55.2,RCMM,DIGIT 0,21A02600,,32,17/11/2015,1;0;1000;0|2;1000;432;1|3;1432;270;0|4;1702;162;1|5;1864;270;0|6;2134;162;1|7;2296;594;0|8;2890;162;1|9;3052;270;0|10;3322;162;1|11;3484;432;0|12;3916;162;1|13;4078;594;0|14;4672;162;1|15;4834;594;0|16;5428;162;1|17;5590;270;0|18;5860;162;1|19;6022;270;0|20;6292;162;1|21;6454;270;0|22;6724;162;1|23;6886;594;0|24;7480;162;1|25;7642;432;0|26;8074;162;1|27;8236;594;0|28;8830;162;1|29;8992;270;0|30;9262;162;1|31;9424;270;0|32;9694;162;1|33;9856;270;0|34;10126;162;1|35;10288;270;0|36;10558;162;1|37;10720;87885;0|, ,37000
1,1:25:54.8,RCMM,CURSOR UP,21A02658,,32,17/11/2015,1;0;1000;0|2;1000;432;1|3;1432;270;0|4;1702;162;1|5;1864;270;0|6;2134;162;1|7;2296;594;0|8;2890;162;1|9;3052;270;0|10;3322;162;1|11;3484;432;0|12;3916;162;1|13;4078;594;0|14;4672;162;1|15;4834;594;0|16;5428;162;1|17;5590;270;0|18;5860;162;1|19;6022;270;0|20;6292;162;1|21;6454;270;0|22;6724;162;1|23;6886;594;0|24;7480;162;1|25;7642;432;0|26;8074;162;1|27;8236;594;0|28;8830;162;1|29;8992;432;0|30;9424;162;1|31;9586;432;0|32;10018;162;1|33;10180;594;0|34;10774;162;1|35;10936;270;0|36;11206;162;1|37;11368;87210;0|, ,37000
1,1:25:54.5,RCMM,CURSOR RIGHT,21A0265B,,32,17/11/2015,1;0;1000;0|2;1000;432;1|3;1432;270;0|4;1702;162;1|5;1864;270;0|6;2134;162;1|7;2296;594;0|8;2890;162;1|9;3052;270;0|10;3322;162;1|11;3484;432;0|12;3916;162;1|13;4078;594;0|14;4672;162;1|15;4834;594;0|16;5428;162;1|17;5590;270;0|18;5860;162;1|19;6022;270;0|20;6292;162;1|21;6454;270;0|22;6724;162;1|23;6886;594;0|24;7480;162;1|25;7642;432;0|26;8074;162;1|27;8236;594;0|28;8830;162;1|29;8992;432;0|30;9424;162;1|31;9586;432;0|32;10018;162;1|33;10180;594;0|34;10774;162;1|35;10936;756;0|36;11692;162;1|37;11854;86724;0|, ,37000
1,1:25:54.0,RCMM,CURSOR LEFT,21A0265A,,32,17/11/2015,1;0;1000;0|2;1000;432;1|3;1432;270;0|4;1702;162;1|5;1864;270;0|6;2134;162;1|7;2296;594;0|8;2890;162;1|9;3052;270;0|10;3322;162;1|11;3484;432;0|12;3916;162;1|13;4078;594;0|14;4672;162;1|15;4834;594;0|16;5428;162;1|17;5590;270;0|18;5860;162;1|19;6022;270;0|20;6292;162;1|21;6454;270;0|22;6724;162;1|23;6886;594;0|24;7480;162;1|25;7642;432;0|26;8074;162;1|27;8236;594;0|28;8830;162;1|29;8992;432;0|30;9424;162;1|31;9586;432;0|32;10018;162;1|33;10180;594;0|34;10774;162;1|35;10936;594;0|36;11530;162;1|37;11692;86886;0|, ,37000
1,1:25:53.7,RCMM,CURSOR ENTER,21A0265C,,32,17/11/2015,1;0;1000;0|2;1000;432;1|3;1432;270;0|4;1702;162;1|5;1864;270;0|6;2134;162;1|7;2296;594;0|8;2890;162;1|9;3052;270;0|10;3322;162;1|11;3484;432;0|12;3916;162;1|13;4078;594;0|14;4672;162;1|15;4834;594;0|16;5428;162;1|17;5590;270;0|18;5860;162;1|19;6022;270;0|20;6292;162;1|21;6454;270;0|22;6724;162;1|23;6886;594;0|24;7480;162;1|25;7642;432;0|26;8074;162;1|27;8236;594;0|28;8830;162;1|29;8992;432;0|30;9424;162;1|31;9586;432;0|32;10018;162;1|33;10180;756;0|34;10936;162;1|35;11098;270;0|36;11368;162;1|37;11530;87048;0|, ,37000
1,1:25:53.3,RCMM,CURSOR DOWN,21A02659,,32,17/11/2015,1;0;1000;0|2;1000;432;1|3;1432;270;0|4;1702;162;1|5;1864;270;0|6;2134;162;1|7;2296;594;0|8;2890;162;1|9;3052;270;0|10;3322;162;1|11;3484;432;0|12;3916;162;1|13;4078;594;0|14;4672;162;1|15;4834;594;0|16;5428;162;1|17;5590;270;0|18;5860;162;1|19;6022;270;0|20;6292;162;1|21;6454;270;0|22;6724;162;1|23;6886;594;0|24;7480;162;1|25;7642;432;0|26;8074;162;1|27;8236;594;0|28;8830;162;1|29;8992;432;0|30;9424;162;1|31;9586;432;0|32;10018;162;1|33;10180;594;0|34;10774;162;1|35;10936;432;0|36;11368;162;1|37;11530;87048;0|, ,37000
1,1:25:52.8,RCMM,CHANNEL UP,21A02620,,32,17/11/2015,1;0;1000;0|2;1000;432;1|3;1432;270;0|4;1702;162;1|5;1864;270;0|6;2134;162;1|7;2296;594;0|8;2890;162;1|9;3052;270;0|10;3322;162;1|11;3484;432;0|12;3916;162;1|13;4078;594;0|14;4672;162;1|15;4834;594;0|16;5428;162;1|17;5590;270;0|18;5860;162;1|19;6022;270;0|20;6292;162;1|21;6454;270;0|22;6724;162;1|23;6886;594;0|24;7480;162;1|25;7642;432;0|26;8074;162;1|27;8236;594;0|28;8830;162;1|29;8992;270;0|30;9262;162;1|31;9424;594;0|32;10018;162;1|33;10180;270;0|34;10450;162;1|35;10612;270;0|36;10882;162;1|37;11044;87561;0|, ,37000
1,1:25:52.4,RCMM,CHANNEL DOWN,21A02621,,32,17/11/2015,1;0;1000;0|2;1000;432;1|3;1432;270;0|4;1702;162;1|5;1864;270;0|6;2134;162;1|7;2296;594;0|8;2890;162;1|9;3052;270;0|10;3322;162;1|11;3484;432;0|12;3916;162;1|13;4078;594;0|14;4672;162;1|15;4834;594;0|16;5428;162;1|17;5590;270;0|18;5860;162;1|19;6022;270;0|20;6292;162;1|21;6454;270;0|22;6724;162;1|23;6886;594;0|24;7480;162;1|25;7642;432;0|26;8074;162;1|27;8236;594;0|28;8830;162;1|29;8992;270;0|30;9262;162;1|31;9424;594;0|32;10018;162;1|33;10180;270;0|34;10450;162;1|35;10612;432;0|36;11044;162;1|37;11206;87372;0|, ,37000
1,1:25:52.0,RCMM,AV MODE,21A02638,,32,17/11/2015,1;0;1000;0|2;1000;432;1|3;1432;270;0|4;1702;162;1|5;1864;270;0|6;2134;162;1|7;2296;594;0|8;2890;162;1|9;3052;270;0|10;3322;162;1|11;3484;432;0|12;3916;162;1|13;4078;594;0|14;4672;162;1|15;4834;594;0|16;5428;162;1|17;5590;270;0|18;5860;162;1|19;6022;270;0|20;6292;162;1|21;6454;270;0|22;6724;162;1|23;6886;594;0|24;7480;162;1|25;7642;432;0|26;8074;162;1|27;8236;594;0|28;8830;162;1|29;8992;270;0|30;9262;162;1|31;9424;756;0|32;10180;162;1|33;10342;594;0|34;10936;162;1|35;11098;270;0|36;11368;162;1|37;11530;87048;0|, ,37000
1,1:25:51.6,RCMM,ACTIVE,21A026FE,,32,17/11/2015,1;0;1000;0|2;1000;432;1|3;1432;270;0|4;1702;162;1|5;1864;270;0|6;2134;162;1|7;2296;594;0|8;2890;162;1|9;3052;270;0|10;3322;162;1|11;3484;432;0|12;3916;162;1|13;4078;594;0|14;4672;162;1|15;4834;594;0|16;5428;162;1|17;5590;270;0|18;5860;162;1|19;6022;270;0|20;6292;162;1|21;6454;270;0|22;6724;162;1|23;6886;594;0|24;7480;162;1|25;7642;432;0|26;8074;162;1|27;8236;594;0|28;8830;162;1|29;8992;756;0|30;9748;162;1|31;9910;756;0|32;10666;162;1|33;10828;756;0|34;11584;162;1|35;11746;594;0|36;12340;162;1|37;12502;86049;0|, ,37000
