Session History: Foxtel IQ Series
1,1:24:29.1,RCMM,VOLUME UP,21A02610,,32,17/11/2015,1;0;1000;0|2;1000;420;1|3;1420;280;0|4;1700;168;1|5;1868;280;0|6;2148;168;1|7;2316;616;0|8;2932;168;1|9;3100;280;0|10;3380;168;1|11;3548;448;0|12;3996;168;1|13;4164;616;0|14;4780;168;1|15;4948;616;0|16;5564;168;1|17;5732;280;0|18;6012;168;1|19;6180;280;0|20;6460;168;1|21;6628;280;0|22;6908;168;1|23;7076;616;0|24;7692;168;1|25;7860;448;0|26;8308;168;1|27;8476;616;0|28;9092;168;1|29;9260;280;0|30;9540;168;1|31;9708;448;0|32;10156;168;1|33;10324;280;0|34;10604;168;1|35;10772;280;0|36;11052;168;1|37;11220;90748;0|, ,36000
1,1:24:28.4,RCMM,VOLUME DOWN,21A02611,,32,17/11/2015,1;0;1000;0|2;1000;420;1|3;1420;280;0|4;1700;168;1|5;1868;280;0|6;2148;168;1|7;2316;616;0|8;2932;168;1|9;3100;280;0|10;3380;168;1|11;3548;448;0|12;3996;168;1|13;4164;616;0|14;4780;168;1|15;4948;616;0|16;5564;168;1|17;5732;280;0|18;6012;168;1|19;6180;280;0|20;6460;168;1|21;6628;280;0|22;6908;168;1|23;7076;616;0|24;7692;168;1|25;7860;448;0|26;8308;168;1|27;8476;616;0|28;9092;168;1|29;9260;280;0|30;9540;168;1|31;9708;448;0|32;10156;168;1|33;10324;280;0|34;10604;168;1|35;10772;448;0|36;11220;168;1|37;11388;90580;0|, ,36000
1,1:24:27.8,RCMM,VIDEO ON DEMAND,21A026D5,,32,17/11/2015,1;0;1000;0|2;1000;420;1|3;1420;280;0|4;1700;168;1|5;1868;280;0|6;2148;168;1|7;2316;616;0|8;2932;168;1|9;3100;280;0|10;3380;168;1|11;3548;448;0|12;3996;168;1|13;4164;616;0|14;4780;168;1|15;4948;616;0|16;5564;168;1|17;5732;280;0|18;6012;168;1|19;6180;280;0|20;6460;168;1|21;6628;280;0|22;6908;168;1|23;7076;616;0|24;7692;168;1|25;7860;448;0|26;8308;168;1|27;8476;616;0|28;9092;168;1|29;9260;784;0|30;10044;168;1|31;10212;448;0|32;10660;168;1|33;10828;448;0|34;11276;168;1|35;11444;448;0|36;11892;168;1|37;12060;89880;0|, ,36000
1,1:24:27.3,RCMM,Stop,21A02631,,32,17/11/2015,1;0;1000;0|2;1000;420;1|3;1420;280;0|4;1700;168;1|5;1868;280;0|6;2148;168;1|7;2316;616;0|8;2932;168;1|9;3100;280;0|10;3380;168;1|11;3548;448;0|12;3996;168;1|13;4164;616;0|14;4780;168;1|15;4948;616;0|16;5564;168;1|17;5732;280;0|18;6012;168;1|19;6180;280;0|20;6460;168;1|21;6628;280;0|22;6908;168;1|23;7076;616;0|24;7692;168;1|25;7860;448;0|26;8308;168;1|27;8476;616;0|28;9092;168;1|29;9260;280;0|30;9540;168;1|31;9708;784;0|32;10492;168;1|33;10660;280;0|34;10940;168;1|35;11108;448;0|36;11556;168;1|37;11724;90216;0|, ,36000
1,1:24:26.8,RCMM,REVERSE,21A02629,,32,17/11/2015,1;0;1000;0|2;1000;420;1|3;1420;280;0|4;1700;168;1|5;1868;280;0|6;2148;168;1|7;2316;616;0|8;2932;168;1|9;3100;280;0|10;3380;168;1|11;3548;448;0|12;3996;168;1|13;4164;616;0|14;4780;168;1|15;4948;616;0|16;5564;168;1|17;5732;280;0|18;6012;168;1|19;6180;280;0|20;6460;168;1|21;6628;280;0|22;6908;168;1|23;7076;616;0|24;7692;168;1|25;7860;448;0|26;8308;168;1|27;8476;616;0|28;9092;168;1|29;9260;280;0|30;9540;168;1|31;9708;616;0|32;10324;168;1|33;10492;616;0|34;11108;168;1|35;11276;448;0|36;11724;168;1|37;11892;90048;0|, ,36000
1,1:24:26.1,RCMM,Record,21A02637,,32,17/11/2015,1;0;1000;0|2;1000;420;1|3;1420;280;0|4;1700;168;1|5;1868;280;0|6;2148;168;1|7;2316;616;0|8;2932;168;1|9;3100;280;0|10;3380;168;1|11;3548;448;0|12;3996;168;1|13;4164;616;0|14;4780;168;1|15;4948;616;0|16;5564;168;1|17;5732;280;0|18;6012;168;1|19;6180;280;0|20;6460;168;1|21;6628;280;0|22;6908;168;1|23;7076;616;0|24;7692;168;1|25;7860;448;0|26;8308;168;1|27;8476;616;0|28;9092;168;1|29;9260;280;0|30;9540;168;1|31;9708;784;0|32;10492;168;1|33;10660;448;0|34;11108;168;1|35;11276;784;0|36;12060;168;1|37;12228;89712;0|, ,36000
1,1:24:25.5,RCMM,PREVIOUS CHANNEL,21A02683,,32,17/11/2015,1;0;1000;0|2;1000;420;1|3;1420;280;0|4;1700;168;1|5;1868;280;0|6;2148;168;1|7;2316;616;0|8;2932;168;1|9;3100;280;0|10;3380;168;1|11;3548;448;0|12;3996;168;1|13;4164;616;0|14;4780;168;1|15;4948;616;0|16;5564;168;1|17;5732;280;0|18;6012;168;1|19;6180;280;0|20;6460;168;1|21;6628;280;0|22;6908;168;1|23;7076;616;0|24;7692;168;1|25;7860;448;0|26;8308;168;1|27;8476;616;0|28;9092;168;1|29;9260;616;0|30;9876;168;1|31;10044;280;0|32;10324;168;1|33;10492;280;0|34;10772;168;1|35;10940;784;0|36;11724;168;1|37;11892;90048;0|, ,36000
1,1:24:24.9,RCMM,POWER TOGGLE,21A0260C,,32,17/11/2015,1;0;1000;0|2;1000;420;1|3;1420;280;0|4;1700;168;1|5;1868;280;0|6;2148;168;1|7;2316;616;0|8;2932;168;1|9;3100;280;0|10;3380;168;1|11;3548;448;0|12;3996;168;1|13;4164;616;0|14;4780;168;1|15;4948;616;0|16;5564;168;1|17;5732;280;0|18;6012;168;1|19;6180;280;0|20;6460;168;1|21;6628;280;0|22;6908;168;1|23;7076;616;0|24;7692;168;1|25;7860;448;0|26;8308;168;1|27;8476;616;0|28;9092;168;1|29;9260;280;0|30;9540;168;1|31;9708;280;0|32;9988;168;1|33;10156;784;0|34;10940;168;1|35;11108;280;0|36;11388;168;1|37;11556;90412;0|, ,36000
1,1:24:24.4,RCMM,Play,21A0262C,,32,17/11/2015,1;0;1000;0|2;1000;420;1|3;1420;280;0|4;1700;168;1|5;1868;280;0|6;2148;168;1|7;2316;616;0|8;2932;168;1|9;3100;280;0|10;3380;168;1|11;3548;448;0|12;3996;168;1|13;4164;616;0|14;4780;168;1|15;4948;616;0|16;5564;168;1|17;5732;280;0|18;6012;168;1|19;6180;280;0|20;6460;168;1|21;6628;280;0|22;6908;168;1|23;7076;616;0|24;7692;168;1|25;7860;448;0|26;8308;168;1|27;8476;616;0|28;9092;168;1|29;9260;280;0|30;9540;168;1|31;9708;616;0|32;10324;168;1|33;10492;784;0|34;11276;168;1|35;11444;280;0|36;11724;168;1|37;11892;90048;0|, ,36000
1,1:24:23.9,RCMM,PLANNER,21A026F4,,32,17/11/2015,1;0;1000;0|2;1000;420;1|3;1420;280;0|4;1700;168;1|5;1868;280;0|6;2148;168;1|7;2316;616;0|8;2932;168;1|9;3100;280;0|10;3380;168;1|11;3548;448;0|12;3996;168;1|13;4164;616;0|14;4780;168;1|15;4948;616;0|16;5564;168;1|17;5732;280;0|18;6012;168;1|19;6180;280;0|20;6460;168;1|21;6628;280;0|22;6908;168;1|23;7076;616;0|24;7692;168;1|25;7860;448;0|26;8308;168;1|27;8476;616;0|28;9092;168;1|29;9260;784;0|30;10044;168;1|31;10212;784;0|32;10996;168;1|33;11164;448;0|34;11612;168;1|35;11780;280;0|36;12060;168;1|37;12228;89712;0|, ,36000
1,1:24:23.5,RCMM,Pause,21A02630,,32,17/11/2015,1;0;1000;0|2;1000;420;1|3;1420;280;0|4;1700;168;1|5;1868;280;0|6;2148;168;1|7;2316;616;0|8;2932;168;1|9;3100;280;0|10;3380;168;1|11;3548;448;0|12;3996;168;1|13;4164;616;0|14;4780;168;1|15;4948;616;0|16;5564;168;1|17;5732;280;0|18;6012;168;1|19;6180;280;0|20;6460;168;1|21;6628;280;0|22;6908;168;1|23;7076;616;0|24;7692;168;1|25;7860;448;0|26;8308;168;1|27;8476;616;0|28;9092;168;1|29;9260;280;0|30;9540;168;1|31;9708;784;0|32;10492;168;1|33;10660;280;0|34;10940;168;1|35;11108;280;0|36;11388;168;1|37;11556;90412;0|, ,36000
1,1:24:22.9,RCMM,MUTE TOGGLE,21A0260D,,32,17/11/2015,1;0;1000;0|2;1000;420;1|3;1420;280;0|4;1700;168;1|5;1868;280;0|6;2148;168;1|7;2316;616;0|8;2932;168;1|9;3100;280;0|10;3380;168;1|11;3548;448;0|12;3996;168;1|13;4164;616;0|14;4780;168;1|15;4948;616;0|16;5564;168;1|17;5732;280;0|18;6012;168;1|19;6180;280;0|20;6460;168;1|21;6628;280;0|22;6908;168;1|23;7076;616;0|24;7692;168;1|25;7860;448;0|26;8308;168;1|27;8476;616;0|28;9092;168;1|29;9260;280;0|30;9540;168;1|31;9708;280;0|32;9988;168;1|33;10156;784;0|34;10940;168;1|35;11108;448;0|36;11556;168;1|37;11724;90216;0|, ,36000
1,1:24:22.4,RCMM,MENU SETUP,21A02654,,32,17/11/2015,1;0;1000;0|2;1000;420;1|3;1420;280;0|4;1700;168;1|5;1868;280;0|6;2148;168;1|7;2316;616;0|8;2932;168;1|9;3100;280;0|10;3380;168;1|11;3548;448;0|12;3996;168;1|13;4164;616;0|14;4780;168;1|15;4948;616;0|16;5564;168;1|17;5732;280;0|18;6012;168;1|19;6180;280;0|20;6460;168;1|21;6628;280;0|22;6908;168;1|23;7076;616;0|24;7692;168;1|25;7860;448;0|26;8308;168;1|27;8476;616;0|28;9092;168;1|29;9260;448;0|30;9708;168;1|31;9876;448;0|32;10324;168;1|33;10492;448;0|34;10940;168;1|35;11108;280;0|36;11388;168;1|37;11556;90412;0|, ,36000
1,1:24:21.9,RCMM,MENU MAIN,21A02654,,32,17/11/2015,1;0;1000;0|2;1000;420;1|3;1420;280;0|4;1700;168;1|5;1868;280;0|6;2148;168;1|7;2316;616;0|8;2932;168;1|9;3100;280;0|10;3380;168;1|11;3548;448;0|12;3996;168;1|13;4164;616;0|14;4780;168;1|15;4948;616;0|16;5564;168;1|17;5732;280;0|18;6012;168;1|19;6180;280;0|20;6460;168;1|21;6628;280;0|22;6908;168;1|23;7076;616;0|24;7692;168;1|25;7860;448;0|26;8308;168;1|27;8476;616;0|28;9092;168;1|29;9260;448;0|30;9708;168;1|31;9876;448;0|32;10324;168;1|33;10492;448;0|34;10940;168;1|35;11108;280;0|36;11388;168;1|37;11556;90412;0|, ,36000
1,1:24:21.4,RCMM,Info,21A026CB,,32,17/11/2015,1;0;1000;0|2;1000;420;1|3;1420;280;0|4;1700;168;1|5;1868;280;0|6;2148;168;1|7;2316;616;0|8;2932;168;1|9;3100;280;0|10;3380;168;1|11;3548;448;0|12;3996;168;1|13;4164;616;0|14;4780;168;1|15;4948;616;0|16;5564;168;1|17;5732;280;0|18;6012;168;1|19;6180;280;0|20;6460;168;1|21;6628;280;0|22;6908;168;1|23;7076;616;0|24;7692;168;1|25;7860;448;0|26;8308;168;1|27;8476;616;0|28;9092;168;1|29;9260;784;0|30;10044;168;1|31;10212;280;0|32;10492;168;1|33;10660;616;0|34;11276;168;1|35;11444;784;0|36;12228;168;1|37;12396;89544;0|, ,36000
1,1:24:20.8,RCMM,HELP,21A02681,,32,17/11/2015,1;0;1000;0|2;1000;420;1|3;1420;280;0|4;1700;168;1|5;1868;280;0|6;2148;168;1|7;2316;616;0|8;2932;168;1|9;3100;280;0|10;3380;168;1|11;3548;448;0|12;3996;168;1|13;4164;616;0|14;4780;168;1|15;4948;616;0|16;5564;168;1|17;5732;280;0|18;6012;168;1|19;6180;280;0|20;6460;168;1|21;6628;280;0|22;6908;168;1|23;7076;616;0|24;7692;168;1|25;7860;448;0|26;8308;168;1|27;8476;616;0|28;9092;168;1|29;9260;616;0|30;9876;168;1|31;10044;280;0|32;10324;168;1|33;10492;280;0|34;10772;168;1|35;10940;448;0|36;11388;168;1|37;11556;90412;0|, ,36000
1,1:24:20.3,RCMM,Guide,21A026CC,,32,17/11/2015,1;0;1000;0|2;1000;420;1|3;1420;280;0|4;1700;168;1|5;1868;280;0|6;2148;168;1|7;2316;616;0|8;2932;168;1|9;3100;280;0|10;3380;168;1|11;3548;448;0|12;3996;168;1|13;4164;616;0|14;4780;168;1|15;4948;616;0|16;5564;168;1|17;5732;280;0|18;6012;168;1|19;6180;280;0|20;6460;168;1|21;6628;280;0|22;6908;168;1|23;7076;616;0|24;7692;168;1|25;7860;448;0|26;8308;168;1|27;8476;616;0|28;9092;168;1|29;9260;784;0|30;10044;168;1|31;10212;280;0|32;10492;168;1|33;10660;784;0|34;11444;168;1|35;11612;280;0|36;11892;168;1|37;12060;89880;0|, ,36000
1,1:24:19.7,RCMM,FUNCTION YELLOW,21A0266F,,32,17/11/2015,1;0;1000;0|2;1000;420;1|3;1420;280;0|4;1700;168;1|5;1868;280;0|6;2148;168;1|7;2316;616;0|8;2932;168;1|9;3100;280;0|10;3380;168;1|11;3548;448;0|12;3996;168;1|13;4164;616;0|14;4780;168;1|15;4948;616;0|16;5564;168;1|17;5732;280;0|18;6012;168;1|19;6180;280;0|20;6460;168;1|21;6628;280;0|22;6908;168;1|23;7076;616;0|24;7692;168;1|25;7860;448;0|26;8308;168;1|27;8476;616;0|28;9092;168;1|29;9260;448;0|30;9708;168;1|31;9876;616;0|32;10492;168;1|33;10660;784;0|34;11444;168;1|35;11612;784;0|36;12396;168;1|37;12564;89376;0|, ,36000
1,1:24:19.2,RCMM,FUNCTION RED,21A0266D,,32,17/11/2015,1;0;1000;0|2;1000;420;1|3;1420;280;0|4;1700;168;1|5;1868;280;0|6;2148;168;1|7;2316;616;0|8;2932;168;1|9;3100;280;0|10;3380;168;1|11;3548;448;0|12;3996;168;1|13;4164;616;0|14;4780;168;1|15;4948;616;0|16;5564;168;1|17;5732;280;0|18;6012;168;1|19;6180;280;0|20;6460;168;1|21;6628;280;0|22;6908;168;1|23;7076;616;0|24;7692;168;1|25;7860;448;0|26;8308;168;1|27;8476;616;0|28;9092;168;1|29;9260;448;0|30;9708;168;1|31;9876;616;0|32;10492;168;1|33;10660;784;0|34;11444;168;1|35;11612;448;0|36;12060;168;1|37;12228;89712;0|, ,36000
1,1:24:18.7,RCMM,FUNCTION GREEN,21A0266E,,32,17/11/2015,1;0;1000;0|2;1000;420;1|3;1420;280;0|4;1700;168;1|5;1868;280;0|6;2148;168;1|7;2316;616;0|8;2932;168;1|9;3100;280;0|10;3380;168;1|11;3548;448;0|12;3996;168;1|13;4164;616;0|14;4780;168;1|15;4948;616;0|16;5564;168;1|17;5732;280;0|18;6012;168;1|19;6180;280;0|20;6460;168;1|21;6628;280;0|22;6908;168;1|23;7076;616;0|24;7692;168;1|25;7860;448;0|26;8308;168;1|27;8476;616;0|28;9092;168;1|29;9260;448;0|30;9708;168;1|31;9876;616;0|32;10492;168;1|33;10660;784;0|34;11444;168;1|35;11612;616;0|36;12228;168;1|37;12396;89544;0|, ,36000
1,1:24:18.2,RCMM,FUNCTION BLUE,21A02670,,32,17/11/2015,1;0;1000;0|2;1000;420;1|3;1420;280;0|4;1700;168;1|5;1868;280;0|6;2148;168;1|7;2316;616;0|8;2932;168;1|9;3100;280;0|10;3380;168;1|11;3548;448;0|12;3996;168;1|13;4164;616;0|14;4780;168;1|15;4948;616;0|16;5564;168;1|17;5732;280;0|18;6012;168;1|19;6180;280;0|20;6460;168;1|21;6628;280;0|22;6908;168;1|23;7076;616;0|24;7692;168;1|25;7860;448;0|26;8308;168;1|27;8476;616;0|28;9092;168;1|29;9260;448;0|30;9708;168;1|31;9876;784;0|32;10660;168;1|33;10828;280;0|34;11108;168;1|35;11276;280;0|36;11556;168;1|37;11724;90216;0|, ,36000
1,1:24:17.8,RCMM,FOXTEL,21A0268E,,32,17/11/2015,1;0;1000;0|2;1000;420;1|3;1420;280;0|4;1700;168;1|5;1868;280;0|6;2148;168;1|7;2316;616;0|8;2932;168;1|9;3100;280;0|10;3380;168;1|11;3548;448;0|12;3996;168;1|13;4164;616;0|14;4780;168;1|15;4948;616;0|16;5564;168;1|17;5732;280;0|18;6012;168;1|19;6180;280;0|20;6460;168;1|21;6628;280;0|22;6908;168;1|23;7076;616;0|24;7692;168;1|25;7860;448;0|26;8308;168;1|27;8476;616;0|28;9092;168;1|29;9260;616;0|30;9876;168;1|31;10044;280;0|32;10324;168;1|33;10492;784;0|34;11276;168;1|35;11444;616;0|36;12060;168;1|37;12228;89712;0|, ,36000
1,1:24:17.3,RCMM,FORWARD,21A02628,,32,17/11/2015,1;0;1000;0|2;1000;420;1|3;1420;280;0|4;1700;168;1|5;1868;280;0|6;2148;168;1|7;2316;616;0|8;2932;168;1|9;3100;280;0|10;3380;168;1|11;3548;448;0|12;3996;168;1|13;4164;616;0|14;4780;168;1|15;4948;616;0|16;5564;168;1|17;5732;280;0|18;6012;168;1|19;6180;280;0|20;6460;168;1|21;6628;280;0|22;6908;168;1|23;7076;616;0|24;7692;168;1|25;7860;448;0|26;8308;168;1|27;8476;616;0|28;9092;168;1|29;9260;280;0|30;9540;168;1|31;9708;616;0|32;10324;168;1|33;10492;616;0|34;11108;168;1|35;11276;280;0|36;11556;168;1|37;11724;90216;0|, ,36000
1,1:24:16.8,RCMM,DIGIT 9,21A02609,,32,17/11/2015,1;0;1000;0|2;1000;420;1|3;1420;280;0|4;1700;168;1|5;1868;280;0|6;2148;168;1|7;2316;616;0|8;2932;168;1|9;3100;280;0|10;3380;168;1|11;3548;448;0|12;3996;168;1|13;4164;616;0|14;4780;168;1|15;4948;616;0|16;5564;168;1|17;5732;280;0|18;6012;168;1|19;6180;280;0|20;6460;168;1|21;6628;280;0|22;6908;168;1|23;7076;616;0|24;7692;168;1|25;7860;448;0|26;8308;168;1|27;8476;616;0|28;9092;168;1|29;9260;280;0|30;9540;168;1|31;9708;280;0|32;9988;168;1|33;10156;616;0|34;10772;168;1|35;10940;448;0|36;11388;168;1|37;11556;90412;0|, ,36000
1,1:24:16.2,RCMM,DIGIT 8,21A02608,,32,17/11/2015,1;0;1000;0|2;1000;420;1|3;1420;280;0|4;1700;168;1|5;1868;280;0|6;2148;168;1|7;2316;616;0|8;2932;168;1|9;3100;280;0|10;3380;168;1|11;3548;448;0|12;3996;168;1|13;4164;616;0|14;4780;168;1|15;4948;616;0|16;5564;168;1|17;5732;280;0|18;6012;168;1|19;6180;280;0|20;6460;168;1|21;6628;280;0|22;6908;168;1|23;7076;616;0|24;7692;168;1|25;7860;448;0|26;8308;168;1|27;8476;616;0|28;9092;168;1|29;9260;280;0|30;9540;168;1|31;9708;280;0|32;9988;168;1|33;10156;616;0|34;10772;168;1|35;10940;280;0|36;11220;168;1|37;11388;90580;0|, ,36000
1,1:24:15.6,RCMM,DIGIT 7,21A02607,,32,17/11/2015,1;0;1000;0|2;1000;420;1|3;1420;280;0|4;1700;168;1|5;1868;280;0|6;2148;168;1|7;2316;616;0|8;2932;168;1|9;3100;280;0|10;3380;168;1|11;3548;448;0|12;3996;168;1|13;4164;616;0|14;4780;168;1|15;4948;616;0|16;5564;168;1|17;5732;280;0|18;6012;168;1|19;6180;280;0|20;6460;168;1|21;6628;280;0|22;6908;168;1|23;7076;616;0|24;7692;168;1|25;7860;448;0|26;8308;168;1|27;8476;616;0|28;9092;168;1|29;9260;280;0|30;9540;168;1|31;9708;280;0|32;9988;168;1|33;10156;448;0|34;10604;168;1|35;10772;784;0|36;11556;168;1|37;11724;90216;0|, ,36000
1,1:24:15.1,RCMM,DIGIT 6,21A02606,,32,17/11/2015,1;0;1000;0|2;1000;420;1|3;1420;280;0|4;1700;168;1|5;1868;280;0|6;2148;168;1|7;2316;616;0|8;2932;168;1|9;3100;280;0|10;3380;168;1|11;3548;448;0|12;3996;168;1|13;4164;616;0|14;4780;168;1|15;4948;616;0|16;5564;168;1|17;5732;280;0|18;6012;168;1|19;6180;280;0|20;6460;168;1|21;6628;280;0|22;6908;168;1|23;7076;616;0|24;7692;168;1|25;7860;448;0|26;8308;168;1|27;8476;616;0|28;9092;168;1|29;9260;280;0|30;9540;168;1|31;9708;280;0|32;9988;168;1|33;10156;448;0|34;10604;168;1|35;10772;616;0|36;11388;168;1|37;11556;90412;0|, ,36000
1,1:24:14.6,RCMM,DIGIT 5,21A02605,,32,17/11/2015,1;0;1000;0|2;1000;420;1|3;1420;280;0|4;1700;168;1|5;1868;280;0|6;2148;168;1|7;2316;616;0|8;2932;168;1|9;3100;280;0|10;3380;168;1|11;3548;448;0|12;3996;168;1|13;4164;616;0|14;4780;168;1|15;4948;616;0|16;5564;168;1|17;5732;280;0|18;6012;168;1|19;6180;280;0|20;6460;168;1|21;6628;280;0|22;6908;168;1|23;7076;616;0|24;7692;168;1|25;7860;448;0|26;8308;168;1|27;8476;616;0|28;9092;168;1|29;9260;280;0|30;9540;168;1|31;9708;280;0|32;9988;168;1|33;10156;448;0|34;10604;168;1|35;10772;448;0|36;11220;168;1|37;11388;90580;0|, ,36000
1,1:24:14.2,RCMM,DIGIT 4,21A02604,,32,17/11/2015,1;0;1000;0|2;1000;420;1|3;1420;280;0|4;1700;168;1|5;1868;280;0|6;2148;168;1|7;2316;616;0|8;2932;168;1|9;3100;280;0|10;3380;168;1|11;3548;448;0|12;3996;168;1|13;4164;616;0|14;4780;168;1|15;4948;616;0|16;5564;168;1|17;5732;280;0|18;6012;168;1|19;6180;280;0|20;6460;168;1|21;6628;280;0|22;6908;168;1|23;7076;616;0|24;7692;168;1|25;7860;448;0|26;8308;168;1|27;8476;616;0|28;9092;168;1|29;9260;280;0|30;9540;168;1|31;9708;280;0|32;9988;168;1|33;10156;448;0|34;10604;168;1|35;10772;280;0|36;11052;168;1|37;11220;90748;0|, ,36000
1,1:24:13.7,RCMM,DIGIT 3,21A02603,,32,17/11/2015,1;0;1000;0|2;1000;420;1|3;1420;280;0|4;1700;168;1|5;1868;280;0|6;2148;168;1|7;2316;616;0|8;2932;168;1|9;3100;280;0|10;3380;168;1|11;3548;448;0|12;3996;168;1|13;4164;616;0|14;4780;168;1|15;4948;616;0|16;5564;168;1|17;5732;280;0|18;6012;168;1|19;6180;280;0|20;6460;168;1|21;6628;280;0|22;6908;168;1|23;7076;616;0|24;7692;168;1|25;7860;448;0|26;8308;168;1|27;8476;616;0|28;9092;168;1|29;9260;280;0|30;9540;168;1|31;9708;280;0|32;9988;168;1|33;10156;280;0|34;10436;168;1|35;10604;784;0|36;11388;168;1|37;11556;90412;0|, ,36000
1,1:24:13.2,RCMM,DIGIT 2,21A02602,,32,17/11/2015,1;0;1000;0|2;1000;420;1|3;1420;280;0|4;1700;168;1|5;1868;280;0|6;2148;168;1|7;2316;616;0|8;2932;168;1|9;3100;280;0|10;3380;168;1|11;3548;448;0|12;3996;168;1|13;4164;616;0|14;4780;168;1|15;4948;616;0|16;5564;168;1|17;5732;280;0|18;6012;168;1|19;6180;280;0|20;6460;168;1|21;6628;280;0|22;6908;168;1|23;7076;616;0|24;7692;168;1|25;7860;448;0|26;8308;168;1|27;8476;616;0|28;9092;168;1|29;9260;280;0|30;9540;168;1|31;9708;280;0|32;9988;168;1|33;10156;280;0|34;10436;168;1|35;10604;616;0|36;11220;168;1|37;11388;90580;0|, ,36000
1,1:24:12.7,RCMM,DIGIT 1,21A02601,,32,17/11/2015,1;0;1000;0|2;1000;420;1|3;1420;280;0|4;1700;168;1|5;1868;280;0|6;2148;168;1|7;2316;616;0|8;2932;168;1|9;3100;280;0|10;3380;168;1|11;3548;448;0|12;3996;168;1|13;4164;616;0|14;4780;168;1|15;4948;616;0|16;5564;168;1|17;5732;280;0|18;6012;168;1|19;6180;280;0|20;6460;168;1|21;6628;280;0|22;6908;168;1|23;7076;616;0|24;7692;168;1|25;7860;448;0|26;8308;168;1|27;8476;616;0|28;9092;168;1|29;9260;280;0|30;9540;168;1|31;9708;280;0|32;9988;168;1|33;10156;280;0|34;10436;168;1|35;10604;448;0|36;11052;168;1|37;11220;90748;0|, ,36000
1,1:24:12.3,RCMM,DIGIT 0,21A02600,,32,17/11/2015,1;0;1000;0|2;1000;420;1|3;1420;280;0|4;1700;168;1|5;1868;280;0|6;2148;168;1|7;2316;616;0|8;2932;168;1|9;3100;280;0|10;3380;168;1|11;3548;448;0|12;3996;168;1|13;4164;616;0|14;4780;168;1|15;4948;616;0|16;5564;168;1|17;5732;280;0|18;6012;168;1|19;6180;280;0|20;6460;168;1|21;6628;280;0|22;6908;168;1|23;7076;616;0|24;7692;168;1|25;7860;448;0|26;8308;168;1|27;8476;616;0|28;9092;168;1|29;9260;280;0|30;9540;168;1|31;9708;280;0|32;9988;168;1|33;10156;280;0|34;10436;168;1|35;10604;280;0|36;10884;168;1|37;11052;90916;0|, ,36000
1,1:24:11.8,RCMM,CURSOR UP,21A02658,,32,17/11/2015,1;0;1000;0|2;1000;420;1|3;1420;280;0|4;1700;168;1|5;1868;280;0|6;2148;168;1|7;2316;616;0|8;2932;168;1|9;3100;280;0|10;3380;168;1|11;3548;448;0|12;3996;168;1|13;4164;616;0|14;4780;168;1|15;4948;616;0|16;5564;168;1|17;5732;280;0|18;6012;168;1|19;6180;280;0|20;6460;168;1|21;6628;280;0|22;6908;168;1|23;7076;616;0|24;7692;168;1|25;7860;448;0|26;8308;168;1|27;8476;616;0|28;9092;168;1|29;9260;448;0|30;9708;168;1|31;9876;448;0|32;10324;168;1|33;10492;616;0|34;11108;168;1|35;11276;280;0|36;11556;168;1|37;11724;90216;0|, ,36000
1,1:24:11.4,RCMM,CURSOR RIGHT,21A0265B,,32,17/11/2015,1;0;1000;0|2;1000;420;1|3;1420;280;0|4;1700;168;1|5;1868;280;0|6;2148;168;1|7;2316;616;0|8;2932;168;1|9;3100;280;0|10;3380;168;1|11;3548;448;0|12;3996;168;1|13;4164;616;0|14;4780;168;1|15;4948;616;0|16;5564;168;1|17;5732;280;0|18;6012;168;1|19;6180;280;0|20;6460;168;1|21;6628;280;0|22;6908;168;1|23;7076;616;0|24;7692;168;1|25;7860;448;0|26;8308;168;1|27;8476;616;0|28;9092;168;1|29;9260;448;0|30;9708;168;1|31;9876;448;0|32;10324;168;1|33;10492;616;0|34;11108;168;1|35;11276;784;0|36;12060;168;1|37;12228;89712;0|, ,36000
1,1:24:11.0,RCMM,CURSOR LEFT,21A0265A,,32,17/11/2015,1;0;1000;0|2;1000;420;1|3;1420;280;0|4;1700;168;1|5;1868;280;0|6;2148;168;1|7;2316;616;0|8;2932;168;1|9;3100;280;0|10;3380;168;1|11;3548;448;0|12;3996;168;1|13;4164;616;0|14;4780;168;1|15;4948;616;0|16;5564;168;1|17;5732;280;0|18;6012;168;1|19;6180;280;0|20;6460;168;1|21;6628;280;0|22;6908;168;1|23;7076;616;0|24;7692;168;1|25;7860;448;0|26;8308;168;1|27;8476;616;0|28;9092;168;1|29;9260;448;0|30;9708;168;1|31;9876;448;0|32;10324;168;1|33;10492;616;0|34;11108;168;1|35;11276;616;0|36;11892;168;1|37;12060;89880;0|, ,36000
1,1:24:10.4,RCMM,CURSOR ENTER,21A0265C,,32,17/11/2015,1;0;1000;0|2;1000;420;1|3;1420;280;0|4;1700;168;1|5;1868;280;0|6;2148;168;1|7;2316;616;0|8;2932;168;1|9;3100;280;0|10;3380;168;1|11;3548;448;0|12;3996;168;1|13;4164;616;0|14;4780;168;1|15;4948;616;0|16;5564;168;1|17;5732;280;0|18;6012;168;1|19;6180;280;0|20;6460;168;1|21;6628;280;0|22;6908;168;1|23;7076;616;0|24;7692;168;1|25;7860;448;0|26;8308;168;1|27;8476;616;0|28;9092;168;1|29;9260;448;0|30;9708;168;1|31;9876;448;0|32;10324;168;1|33;10492;784;0|34;11276;168;1|35;11444;280;0|36;11724;168;1|37;11892;90048;0|, ,36000
1,1:24:10.0,RCMM,CURSOR DOWN,21A02659,,32,17/11/2015,1;0;1000;0|2;1000;420;1|3;1420;280;0|4;1700;168;1|5;1868;280;0|6;2148;168;1|7;2316;616;0|8;2932;168;1|9;3100;280;0|10;3380;168;1|11;3548;448;0|12;3996;168;1|13;4164;616;0|14;4780;168;1|15;4948;616;0|16;5564;168;1|17;5732;280;0|18;6012;168;1|19;6180;280;0|20;6460;168;1|21;6628;280;0|22;6908;168;1|23;7076;616;0|24;7692;168;1|25;7860;448;0|26;8308;168;1|27;8476;616;0|28;9092;168;1|29;9260;448;0|30;9708;168;1|31;9876;448;0|32;10324;168;1|33;10492;616;0|34;11108;168;1|35;11276;448;0|36;11724;168;1|37;11892;90048;0|, ,36000
1,1:24:09.6,RCMM,CHANNEL UP,21A02620,,32,17/11/2015,1;0;1000;0|2;1000;420;1|3;1420;280;0|4;1700;168;1|5;1868;280;0|6;2148;168;1|7;2316;616;0|8;2932;168;1|9;3100;280;0|10;3380;168;1|11;3548;448;0|12;3996;168;1|13;4164;616;0|14;4780;168;1|15;4948;616;0|16;5564;168;1|17;5732;280;0|18;6012;168;1|19;6180;280;0|20;6460;168;1|21;6628;280;0|22;6908;168;1|23;7076;616;0|24;7692;168;1|25;7860;448;0|26;8308;168;1|27;8476;616;0|28;9092;168;1|29;9260;280;0|30;9540;168;1|31;9708;616;0|32;10324;168;1|33;10492;280;0|34;10772;168;1|35;10940;280;0|36;11220;168;1|37;11388;90580;0|, ,36000
1,1:24:09.1,RCMM,CHANNEL DOWN,21A02621,,32,17/11/2015,1;0;1000;0|2;1000;420;1|3;1420;280;0|4;1700;168;1|5;1868;280;0|6;2148;168;1|7;2316;616;0|8;2932;168;1|9;3100;280;0|10;3380;168;1|11;3548;448;0|12;3996;168;1|13;4164;616;0|14;4780;168;1|15;4948;616;0|16;5564;168;1|17;5732;280;0|18;6012;168;1|19;6180;280;0|20;6460;168;1|21;6628;280;0|22;6908;168;1|23;7076;616;0|24;7692;168;1|25;7860;448;0|26;8308;168;1|27;8476;616;0|28;9092;168;1|29;9260;280;0|30;9540;168;1|31;9708;616;0|32;10324;168;1|33;10492;280;0|34;10772;168;1|35;10940;448;0|36;11388;168;1|37;11556;90412;0|, ,36000
1,1:24:08.7,RCMM,BOX OFFICE,21A026D5,,32,17/11/2015,1;0;1000;0|2;1000;420;1|3;1420;280;0|4;1700;168;1|5;1868;280;0|6;2148;168;1|7;2316;616;0|8;2932;168;1|9;3100;280;0|10;3380;168;1|11;3548;448;0|12;3996;168;1|13;4164;616;0|14;4780;168;1|15;4948;616;0|16;5564;168;1|17;5732;280;0|18;6012;168;1|19;6180;280;0|20;6460;168;1|21;6628;280;0|22;6908;168;1|23;7076;616;0|24;7692;168;1|25;7860;448;0|26;8308;168;1|27;8476;616;0|28;9092;168;1|29;9260;784;0|30;10044;168;1|31;10212;448;0|32;10660;168;1|33;10828;448;0|34;11276;168;1|35;11444;448;0|36;11892;168;1|37;12060;89880;0|, ,36000
1,1:24:08.4,RCMM,AV,21A02638,,32,17/11/2015,1;0;1000;0|2;1000;420;1|3;1420;280;0|4;1700;168;1|5;1868;280;0|6;2148;168;1|7;2316;616;0|8;2932;168;1|9;3100;280;0|10;3380;168;1|11;3548;448;0|12;3996;168;1|13;4164;616;0|14;4780;168;1|15;4948;616;0|16;5564;168;1|17;5732;280;0|18;6012;168;1|19;6180;280;0|20;6460;168;1|21;6628;280;0|22;6908;168;1|23;7076;616;0|24;7692;168;1|25;7860;448;0|26;8308;168;1|27;8476;616;0|28;9092;168;1|29;9260;280;0|30;9540;168;1|31;9708;784;0|32;10492;168;1|33;10660;616;0|34;11276;168;1|35;11444;280;0|36;11724;168;1|37;11892;90048;0|, ,36000
1,1:24:07.9,RCMM,ACTIVE,21A026FD,,32,17/11/2015,1;0;1000;0|2;1000;420;1|3;1420;280;0|4;1700;168;1|5;1868;280;0|6;2148;168;1|7;2316;616;0|8;2932;168;1|9;3100;280;0|10;3380;168;1|11;3548;448;0|12;3996;168;1|13;4164;616;0|14;4780;168;1|15;4948;616;0|16;5564;168;1|17;5732;280;0|18;6012;168;1|19;6180;280;0|20;6460;168;1|21;6628;280;0|22;6908;168;1|23;7076;616;0|24;7692;168;1|25;7860;448;0|26;8308;168;1|27;8476;616;0|28;9092;168;1|29;9260;784;0|30;10044;168;1|31;10212;784;0|32;10996;168;1|33;11164;784;0|34;11948;168;1|35;12116;448;0|36;12564;168;1|37;12732;89208;0|, ,36000
